*** HashFunction will be same whether + ot - with origin file, eg +7 is same as -3***
NS 300
ROOT 5741
UHF +8, +8, +0, +9
LHF +4, +0, +5, +7
PHF +8, +3, +6, +4
ROOT 3431
UHF +8, +8, +0, +9
LHF +4, +0, +5, +7
PHF +8, +3, +6, +4
ROOT 2733
UHF +8, +8, +0, +9
LHF +4, +0, +5, +7
PHF +8, +3, +6, +4
ROOT 1239
UHF +8, +8, +0, +9
LHF +4, +0, +5, +7
PHF +8, +3, +6, +4
ROOT 1307
UHF +8, +8, +0, +9
LHF +4, +0, +5, +7
PHF +8, +3, +6, +4
ROOT 4551
UHF +8, +8, +0, +9
LHF +4, +0, +5, +7
PHF +8, +3, +6, +4
ROOT 331
UHF +8, +8, +0, +9
LHF +4, +0, +5, +7
PHF +8, +3, +6, +4
ROOT 3541
UHF +8, +8, +0, +9
LHF +4, +0, +5, +7
PHF +8, +3, +6, +4
ROOT 3651
UHF +8, +8, +0, +9
LHF +4, +0, +5, +7
PHF +8, +3, +6, +4
ROOT 410
UHF +8, +8, +0, +9
LHF +4, +0, +5, +7
PHF +8, +3, +6, +4
ROOT 9400
UHF +8, +8, +0, +9
LHF +4, +0, +5, +7
PHF +8, +3, +6, +4
ROOT 2520
UHF +8, +8, +0, +9
LHF +4, +0, +5, +7
PHF +8, +3, +6, +4
ROOT 522
UHF +8, +8, +0, +9
LHF +4, +0, +5, +7
PHF +8, +3, +6, +4
ROOT 1521
UHF +8, +8, +0, +9
LHF +4, +0, +5, +7
PHF +8, +3, +6, +4
ROOT 4632
UHF +8, +8, +0, +9
LHF +4, +0, +5, +7
PHF +8, +3, +6, +4
ROOT 500
UHF +8, +8, +0, +9
LHF +4, +0, +5, +7
PHF +8, +3, +6, +4
ROOT 418
UHF +8, +8, +0, +9
LHF +4, +0, +5, +7
PHF +8, +3, +6, +4
ROOT 2452
UHF +8, +8, +0, +9
LHF +4, +0, +5, +7
PHF +8, +3, +6, +4
ROOT 1408
UHF +8, +8, +0, +9
LHF +4, +0, +5, +7
PHF +8, +3, +6, +4
ROOT 1309
UHF +8, +8, +0, +9
LHF +4, +0, +5, +7
PHF +8, +3, +6, +4
ROOT 511
UHF +8, +8, +0, +9
LHF +4, +0, +5, +7
PHF +8, +3, +6, +4
ROOT 8218
UHF +8, +8, +0, +9
LHF +4, +0, +5, +7
PHF +8, +3, +6, +4
ROOT 1419
UHF +8, +8, +0, +9
LHF +4, +0, +5, +7
PHF +8, +3, +6, +4
ROOT 1442
UHF +8, +8, +0, +9
LHF +4, +0, +5, +7
PHF +8, +3, +6, +4
ROOT 3721
UHF +8, +8, +0, +9
LHF +4, +0, +5, +7
PHF +8, +3, +6, +4
ROOT 2652
UHF +8, +8, +0, +9
LHF +4, +0, +5, +7
PHF +8, +3, +6, +4
ROOT 1341
UHF +8, +8, +0, +9
LHF +4, +0, +5, +7
PHF +8, +3, +6, +4
ROOT 9220
UHF +8, +8, +0, +9
LHF +4, +0, +5, +7
PHF +8, +3, +6, +4
ROOT 2722
UHF +8, +8, +0, +9
LHF +4, +0, +5, +7
PHF +8, +3, +6, +4
ROOT 4742
UHF +8, +8, +0, +9
LHF +4, +0, +5, +7
PHF +8, +3, +6, +4
ROOT 2540
UHF +8, +8, +0, +9
LHF +4, +0, +5, +7
PHF +8, +3, +6, +4
ROOT 218
UHF +8, +8, +0, +9
LHF +4, +0, +5, +7
PHF +8, +3, +6, +4
ROOT 2630
UHF +8, +8, +0, +9
LHF +4, +0, +5, +7
PHF +8, +3, +6, +4
ROOT 1217
UHF +8, +8, +0, +9
LHF +4, +0, +5, +7
PHF +8, +3, +6, +4
ROOT 1329
UHF +8, +8, +0, +9
LHF +4, +0, +5, +7
PHF +8, +3, +6, +4
ROOT 432
UHF +8, +8, +0, +9
LHF +4, +0, +5, +7
PHF +8, +3, +6, +4
ROOT 2519
UHF +8, +8, +0, +9
LHF +4, +0, +5, +7
PHF +8, +3, +6, +4
ROOT 9419
UHF +8, +8, +0, +9
LHF +4, +0, +5, +7
PHF +8, +3, +6, +4
ROOT 1228
UHF +8, +8, +0, +9
LHF +4, +0, +5, +7
PHF +8, +3, +6, +4
ROOT 4654
UHF +8, +8, +0, +9
LHF +4, +0, +5, +7
PHF +8, +3, +6, +4
ROOT 1529
UHF +8, +8, +0, +9
LHF +4, +0, +5, +7
PHF +8, +3, +6, +4
ROOT 520
UHF +8, +8, +0, +9
LHF +4, +0, +5, +7
PHF +8, +3, +6, +4
ROOT 2410
UHF +8, +8, +0, +9
LHF +4, +0, +5, +7
PHF +8, +3, +6, +4
ROOT 3620
UHF +8, +8, +0, +9
LHF +4, +0, +5, +7
PHF +8, +3, +6, +4
ROOT 3440
UHF +8, +8, +0, +9
LHF +4, +0, +5, +7
PHF +8, +3, +6, +4
ROOT 8308
UHF +8, +8, +0, +9
LHF +4, +0, +5, +7
PHF +8, +3, +6, +4
ROOT 210
UHF +8, +8, +0, +9
LHF +4, +0, +5, +7
PHF +8, +3, +6, +4
ROOT 4630
UHF +8, +8, +0, +9
LHF +4, +0, +5, +7
PHF +8, +3, +6, +4
ROOT 3743
UHF +8, +8, +0, +9
LHF +4, +0, +5, +7
PHF +8, +3, +6, +4
ROOT 3439
UHF +8, +8, +0, +9
LHF +4, +0, +5, +7
PHF +8, +3, +6, +4
ROOT 8210
UHF +8, +8, +0, +9
LHF +4, +0, +5, +7
PHF +8, +3, +6, +4
ROOT 230
UHF +8, +8, +0, +9
LHF +4, +0, +5, +7
PHF +8, +3, +6, +4
ROOT 1411
UHF +8, +8, +0, +9
LHF +4, +0, +5, +7
PHF +8, +3, +6, +4
ROOT 3631
UHF +8, +8, +0, +9
LHF +4, +0, +5, +7
PHF +8, +3, +6, +4
ROOT 1541
UHF +8, +8, +0, +9
LHF +4, +0, +5, +7
PHF +8, +3, +6, +4
ROOT 1611
UHF +8, +8, +0, +9
LHF +4, +0, +5, +7
PHF +8, +3, +6, +4
ROOT 1219
UHF +8, +8, +0, +9
LHF +4, +0, +5, +7
PHF +8, +3, +6, +4
ROOT 2340
UHF +8, +8, +0, +9
LHF +4, +0, +5, +7
PHF +8, +3, +6, +4
ROOT 3529
UHF +8, +8, +0, +9
LHF +4, +0, +5, +7
PHF +8, +3, +6, +4
ROOT 9329
UHF +8, +8, +0, +9
LHF +4, +0, +5, +7
PHF +8, +3, +6, +4
ROOT 4652
UHF +8, +8, +0, +9
LHF +4, +0, +5, +7
PHF +8, +3, +6, +4
ROOT 5651
UHF +8, +8, +0, +9
LHF +4, +0, +5, +7
PHF +8, +3, +6, +4
ROOT 9219
UHF +8, +8, +0, +9
LHF +4, +0, +5, +7
PHF +8, +3, +6, +4
ROOT 1439
UHF +8, +8, +0, +9
LHF +4, +0, +5, +7
PHF +8, +3, +6, +4
ROOT 2418
UHF +8, +8, +0, +9
LHF +4, +0, +5, +7
PHF +8, +3, +6, +4
ROOT 3653
UHF +8, +8, +0, +9
LHF +4, +0, +5, +7
PHF +8, +3, +6, +4
ROOT 9217
UHF +8, +8, +0, +9
LHF +4, +0, +5, +7
PHF +8, +3, +6, +4
ROOT 3633
UHF +8, +8, +0, +9
LHF +4, +0, +5, +7
PHF +8, +3, +6, +4
ROOT 308
UHF +8, +8, +0, +9
LHF +4, +0, +5, +7
PHF +8, +3, +6, +4
ROOT 5743
UHF +8, +8, +0, +9
LHF +4, +0, +5, +7
PHF +8, +3, +6, +4
ROOT 2610
UHF +8, +8, +0, +9
LHF +4, +0, +5, +7
PHF +8, +3, +6, +4
ROOT 4540
UHF +8, +8, +0, +9
LHF +4, +0, +5, +7
PHF +8, +3, +6, +4
ROOT 3451
UHF +8, +8, +0, +9
LHF +4, +0, +5, +7
PHF +8, +3, +6, +4
ROOT 2320
UHF +8, +8, +0, +9
LHF +4, +0, +5, +7
PHF +8, +3, +6, +4
ROOT 328
UHF +8, +8, +0, +9
LHF +4, +0, +5, +7
PHF +8, +3, +6, +4
ROOT 2632
UHF +8, +8, +0, +9
LHF +4, +0, +5, +7
PHF +8, +3, +6, +4
ROOT 1543
UHF +8, +8, +0, +9
LHF +4, +0, +5, +7
PHF +8, +3, +6, +4
ROOT 2654
UHF +8, +8, +0, +9
LHF +4, +0, +5, +7
PHF +8, +3, +6, +4
ROOT 430
UHF +8, +8, +0, +9
LHF +4, +0, +5, +7
PHF +8, +3, +6, +4
ROOT 1622
UHF +8, +8, +0, +9
LHF +4, +0, +5, +7
PHF +8, +3, +6, +4
ROOT 3741
UHF +8, +8, +0, +9
LHF +4, +0, +5, +7
PHF +8, +3, +6, +4
ROOT 9321
UHF +8, +8, +0, +9
LHF +4, +0, +5, +7
PHF +8, +3, +6, +4
ROOT 1509
UHF +8, +8, +0, +9
LHF +4, +0, +5, +7
PHF +8, +3, +6, +4
ROOT 3521
UHF +8, +8, +0, +9
LHF +4, +0, +5, +7
PHF +8, +3, +6, +4
ROOT 9307
UHF +8, +8, +0, +9
LHF +4, +0, +5, +7
PHF +8, +3, +6, +4
ROOT 2432
UHF +8, +8, +0, +9
LHF +4, +0, +5, +7
PHF +8, +3, +6, +4
ROOT 2430
UHF +8, +8, +0, +9
LHF +4, +0, +5, +7
PHF +8, +3, +6, +4
ROOT 1631
UHF +8, +8, +0, +9
LHF +4, +0, +5, +7
PHF +8, +3, +6, +4
ROOT 1431
UHF +8, +8, +0, +9
LHF +4, +0, +5, +7
PHF +8, +3, +6, +4
ROOT 9309
UHF +8, +8, +0, +9
LHF +4, +0, +5, +7
PHF +8, +3, +6, +4
ROOT 4731
UHF +8, +8, +0, +9
LHF +4, +0, +5, +7
PHF +8, +3, +6, +4
ROOT 9411
UHF +8, +8, +0, +9
LHF +4, +0, +5, +7
PHF +8, +3, +6, +4
ROOT 2744
UHF +8, +8, +0, +9
LHF +4, +0, +5, +7
PHF +8, +3, +6, +4
ROOT 1633
UHF +8, +8, +0, +9
LHF +4, +0, +5, +7
PHF +8, +3, +6, +4
ROOT 2742
UHF +8, +8, +0, +9
LHF +4, +0, +5, +7
PHF +8, +3, +6, +4
ROOT 2522
UHF +8, +8, +0, +9
LHF +4, +0, +5, +7
PHF +8, +3, +6, +4
ROOT 4542
UHF +8, +8, +0, +9
LHF +4, +0, +5, +7
PHF +8, +3, +6, +4
ROOT 320
UHF +8, +8, +0, +9
LHF +4, +0, +5, +7
PHF +8, +3, +6, +4
ROOT 5653
UHF +8, +8, +0, +9
LHF +4, +0, +5, +7
PHF +8, +3, +6, +4
ROOT 3543
UHF +8, +8, +0, +9
LHF +4, +0, +5, +7
PHF +8, +3, +6, +4
ROOT 5741
UHF +8, +8, +0, +9
LHF +4, +0, +5, +7
PHF +8, +3, +6, +4
ROOT 3431
UHF +8, +8, +0, +9
LHF +4, +0, +5, +7
PHF +8, +3, +6, +4
ROOT 2733
UHF +8, +8, +0, +9
LHF +4, +0, +5, +7
PHF +8, +3, +6, +4
ROOT 1239
UHF +8, +8, +0, +9
LHF +4, +0, +5, +7
PHF +8, +3, +6, +4
ROOT 1307
UHF +8, +8, +0, +9
LHF +4, +0, +5, +7
PHF +8, +3, +6, +4
ROOT 4551
UHF +8, +8, +0, +9
LHF +4, +0, +5, +7
PHF +8, +3, +6, +4
ROOT 331
UHF +8, +8, +0, +9
LHF +4, +0, +5, +7
PHF +8, +3, +6, +4
ROOT 3541
UHF +8, +8, +0, +9
LHF +4, +0, +5, +7
PHF +8, +3, +6, +4
ROOT 3651
UHF +8, +8, +0, +9
LHF +4, +0, +5, +7
PHF +8, +3, +6, +4
ROOT 410
UHF +8, +8, +0, +9
LHF +4, +0, +5, +7
PHF +8, +3, +6, +4
ROOT 9400
UHF +8, +8, +0, +9
LHF +4, +0, +5, +7
PHF +8, +3, +6, +4
ROOT 2520
UHF +8, +8, +0, +9
LHF +4, +0, +5, +7
PHF +8, +3, +6, +4
ROOT 522
UHF +8, +8, +0, +9
LHF +4, +0, +5, +7
PHF +8, +3, +6, +4
ROOT 1521
UHF +8, +8, +0, +9
LHF +4, +0, +5, +7
PHF +8, +3, +6, +4
ROOT 4632
UHF +8, +8, +0, +9
LHF +4, +0, +5, +7
PHF +8, +3, +6, +4
ROOT 500
UHF +8, +8, +0, +9
LHF +4, +0, +5, +7
PHF +8, +3, +6, +4
ROOT 418
UHF +8, +8, +0, +9
LHF +4, +0, +5, +7
PHF +8, +3, +6, +4
ROOT 2452
UHF +8, +8, +0, +9
LHF +4, +0, +5, +7
PHF +8, +3, +6, +4
ROOT 1408
UHF +8, +8, +0, +9
LHF +4, +0, +5, +7
PHF +8, +3, +6, +4
ROOT 1309
UHF +8, +8, +0, +9
LHF +4, +0, +5, +7
PHF +8, +3, +6, +4
ROOT 511
UHF +8, +8, +0, +9
LHF +4, +0, +5, +7
PHF +8, +3, +6, +4
ROOT 8218
UHF +8, +8, +0, +9
LHF +4, +0, +5, +7
PHF +8, +3, +6, +4
ROOT 1419
UHF +8, +8, +0, +9
LHF +4, +0, +5, +7
PHF +8, +3, +6, +4
ROOT 1442
UHF +8, +8, +0, +9
LHF +4, +0, +5, +7
PHF +8, +3, +6, +4
ROOT 3721
UHF +8, +8, +0, +9
LHF +4, +0, +5, +7
PHF +8, +3, +6, +4
ROOT 2652
UHF +8, +8, +0, +9
LHF +4, +0, +5, +7
PHF +8, +3, +6, +4
ROOT 1341
UHF +8, +8, +0, +9
LHF +4, +0, +5, +7
PHF +8, +3, +6, +4
ROOT 9220
UHF +8, +8, +0, +9
LHF +4, +0, +5, +7
PHF +8, +3, +6, +4
ROOT 2722
UHF +8, +8, +0, +9
LHF +4, +0, +5, +7
PHF +8, +3, +6, +4
ROOT 4742
UHF +8, +8, +0, +9
LHF +4, +0, +5, +7
PHF +8, +3, +6, +4
ROOT 2540
UHF +8, +8, +0, +9
LHF +4, +0, +5, +7
PHF +8, +3, +6, +4
ROOT 218
UHF +8, +8, +0, +9
LHF +4, +0, +5, +7
PHF +8, +3, +6, +4
ROOT 2630
UHF +8, +8, +0, +9
LHF +4, +0, +5, +7
PHF +8, +3, +6, +4
ROOT 1217
UHF +8, +8, +0, +9
LHF +4, +0, +5, +7
PHF +8, +3, +6, +4
ROOT 1329
UHF +8, +8, +0, +9
LHF +4, +0, +5, +7
PHF +8, +3, +6, +4
ROOT 432
UHF +8, +8, +0, +9
LHF +4, +0, +5, +7
PHF +8, +3, +6, +4
ROOT 2519
UHF +8, +8, +0, +9
LHF +4, +0, +5, +7
PHF +8, +3, +6, +4
ROOT 9419
UHF +8, +8, +0, +9
LHF +4, +0, +5, +7
PHF +8, +3, +6, +4
ROOT 1228
UHF +8, +8, +0, +9
LHF +4, +0, +5, +7
PHF +8, +3, +6, +4
ROOT 4654
UHF +8, +8, +0, +9
LHF +4, +0, +5, +7
PHF +8, +3, +6, +4
ROOT 1529
UHF +8, +8, +0, +9
LHF +4, +0, +5, +7
PHF +8, +3, +6, +4
ROOT 520
UHF +8, +8, +0, +9
LHF +4, +0, +5, +7
PHF +8, +3, +6, +4
ROOT 2410
UHF +8, +8, +0, +9
LHF +4, +0, +5, +7
PHF +8, +3, +6, +4
ROOT 3620
UHF +8, +8, +0, +9
LHF +4, +0, +5, +7
PHF +8, +3, +6, +4
ROOT 3440
UHF +8, +8, +0, +9
LHF +4, +0, +5, +7
PHF +8, +3, +6, +4
ROOT 8308
UHF +8, +8, +0, +9
LHF +4, +0, +5, +7
PHF +8, +3, +6, +4
ROOT 210
UHF +8, +8, +0, +9
LHF +4, +0, +5, +7
PHF +8, +3, +6, +4
ROOT 4630
UHF +8, +8, +0, +9
LHF +4, +0, +5, +7
PHF +8, +3, +6, +4
ROOT 3743
UHF +8, +8, +0, +9
LHF +4, +0, +5, +7
PHF +8, +3, +6, +4
ROOT 3439
UHF +8, +8, +0, +9
LHF +4, +0, +5, +7
PHF +8, +3, +6, +4
ROOT 8210
UHF +8, +8, +0, +9
LHF +4, +0, +5, +7
PHF +8, +3, +6, +4
ROOT 230
UHF +8, +8, +0, +9
LHF +4, +0, +5, +7
PHF +8, +3, +6, +4
ROOT 1411
UHF +8, +8, +0, +9
LHF +4, +0, +5, +7
PHF +8, +3, +6, +4
ROOT 3631
UHF +8, +8, +0, +9
LHF +4, +0, +5, +7
PHF +8, +3, +6, +4
ROOT 1541
UHF +8, +8, +0, +9
LHF +4, +0, +5, +7
PHF +8, +3, +6, +4
ROOT 1611
UHF +8, +8, +0, +9
LHF +4, +0, +5, +7
PHF +8, +3, +6, +4
ROOT 1219
UHF +8, +8, +0, +9
LHF +4, +0, +5, +7
PHF +8, +3, +6, +4
ROOT 2340
UHF +8, +8, +0, +9
LHF +4, +0, +5, +7
PHF +8, +3, +6, +4
ROOT 3529
UHF +8, +8, +0, +9
LHF +4, +0, +5, +7
PHF +8, +3, +6, +4
ROOT 9329
UHF +8, +8, +0, +9
LHF +4, +0, +5, +7
PHF +8, +3, +6, +4
ROOT 4652
UHF +8, +8, +0, +9
LHF +4, +0, +5, +7
PHF +8, +3, +6, +4
ROOT 5651
UHF +8, +8, +0, +9
LHF +4, +0, +5, +7
PHF +8, +3, +6, +4
ROOT 9219
UHF +8, +8, +0, +9
LHF +4, +0, +5, +7
PHF +8, +3, +6, +4
ROOT 1439
UHF +8, +8, +0, +9
LHF +4, +0, +5, +7
PHF +8, +3, +6, +4
ROOT 2418
UHF +8, +8, +0, +9
LHF +4, +0, +5, +7
PHF +8, +3, +6, +4
ROOT 3653
UHF +8, +8, +0, +9
LHF +4, +0, +5, +7
PHF +8, +3, +6, +4
ROOT 9217
UHF +8, +8, +0, +9
LHF +4, +0, +5, +7
PHF +8, +3, +6, +4
ROOT 3633
UHF +8, +8, +0, +9
LHF +4, +0, +5, +7
PHF +8, +3, +6, +4
ROOT 308
UHF +8, +8, +0, +9
LHF +4, +0, +5, +7
PHF +8, +3, +6, +4
ROOT 5743
UHF +8, +8, +0, +9
LHF +4, +0, +5, +7
PHF +8, +3, +6, +4
ROOT 2610
UHF +8, +8, +0, +9
LHF +4, +0, +5, +7
PHF +8, +3, +6, +4
ROOT 4540
UHF +8, +8, +0, +9
LHF +4, +0, +5, +7
PHF +8, +3, +6, +4
ROOT 3451
UHF +8, +8, +0, +9
LHF +4, +0, +5, +7
PHF +8, +3, +6, +4
ROOT 2320
UHF +8, +8, +0, +9
LHF +4, +0, +5, +7
PHF +8, +3, +6, +4
ROOT 328
UHF +8, +8, +0, +9
LHF +4, +0, +5, +7
PHF +8, +3, +6, +4
ROOT 2632
UHF +8, +8, +0, +9
LHF +4, +0, +5, +7
PHF +8, +3, +6, +4
ROOT 1543
UHF +8, +8, +0, +9
LHF +4, +0, +5, +7
PHF +8, +3, +6, +4
ROOT 2654
UHF +8, +8, +0, +9
LHF +4, +0, +5, +7
PHF +8, +3, +6, +4
ROOT 430
UHF +8, +8, +0, +9
LHF +4, +0, +5, +7
PHF +8, +3, +6, +4
ROOT 1622
UHF +8, +8, +0, +9
LHF +4, +0, +5, +7
PHF +8, +3, +6, +4
ROOT 3741
UHF +8, +8, +0, +9
LHF +4, +0, +5, +7
PHF +8, +3, +6, +4
ROOT 9321
UHF +8, +8, +0, +9
LHF +4, +0, +5, +7
PHF +8, +3, +6, +4
ROOT 1509
UHF +8, +8, +0, +9
LHF +4, +0, +5, +7
PHF +8, +3, +6, +4
ROOT 3521
UHF +8, +8, +0, +9
LHF +4, +0, +5, +7
PHF +8, +3, +6, +4
ROOT 9307
UHF +8, +8, +0, +9
LHF +4, +0, +5, +7
PHF +8, +3, +6, +4
ROOT 2432
UHF +8, +8, +0, +9
LHF +4, +0, +5, +7
PHF +8, +3, +6, +4
ROOT 2430
UHF +8, +8, +0, +9
LHF +4, +0, +5, +7
PHF +8, +3, +6, +4
ROOT 1631
UHF +8, +8, +0, +9
LHF +4, +0, +5, +7
PHF +8, +3, +6, +4
ROOT 1431
UHF +8, +8, +0, +9
LHF +4, +0, +5, +7
PHF +8, +3, +6, +4
ROOT 9309
UHF +8, +8, +0, +9
LHF +4, +0, +5, +7
PHF +8, +3, +6, +4
ROOT 4731
UHF +8, +8, +0, +9
LHF +4, +0, +5, +7
PHF +8, +3, +6, +4
ROOT 9411
UHF +8, +8, +0, +9
LHF +4, +0, +5, +7
PHF +8, +3, +6, +4
ROOT 2744
UHF +8, +8, +0, +9
LHF +4, +0, +5, +7
PHF +8, +3, +6, +4
ROOT 1633
UHF +8, +8, +0, +9
LHF +4, +0, +5, +7
PHF +8, +3, +6, +4
ROOT 2742
UHF +8, +8, +0, +9
LHF +4, +0, +5, +7
PHF +8, +3, +6, +4
ROOT 2522
UHF +8, +8, +0, +9
LHF +4, +0, +5, +7
PHF +8, +3, +6, +4
ROOT 4542
UHF +8, +8, +0, +9
LHF +4, +0, +5, +7
PHF +8, +3, +6, +4
ROOT 320
UHF +8, +8, +0, +9
LHF +4, +0, +5, +7
PHF +8, +3, +6, +4
ROOT 5653
UHF +8, +8, +0, +9
LHF +4, +0, +5, +7
PHF +8, +3, +6, +4
ROOT 3543
UHF +8, +8, +0, +9
LHF +4, +0, +5, +7
PHF +8, +3, +6, +4
ROOT 5741
UHF +8, +8, +0, +9
LHF +4, +0, +5, +7
PHF +8, +3, +6, +4
ROOT 3431
UHF +8, +8, +0, +9
LHF +4, +0, +5, +7
PHF +8, +3, +6, +4
ROOT 2733
UHF +8, +8, +0, +9
LHF +4, +0, +5, +7
PHF +8, +3, +6, +4
ROOT 1239
UHF +8, +8, +0, +9
LHF +4, +0, +5, +7
PHF +8, +3, +6, +4
ROOT 1307
UHF +8, +8, +0, +9
LHF +4, +0, +5, +7
PHF +8, +3, +6, +4
ROOT 4551
UHF +8, +8, +0, +9
LHF +4, +0, +5, +7
PHF +8, +3, +6, +4
ROOT 331
UHF +8, +8, +0, +9
LHF +4, +0, +5, +7
PHF +8, +3, +6, +4
ROOT 3541
UHF +8, +8, +0, +9
LHF +4, +0, +5, +7
PHF +8, +3, +6, +4
ROOT 3651
UHF +8, +8, +0, +9
LHF +4, +0, +5, +7
PHF +8, +3, +6, +4
ROOT 410
UHF +8, +8, +0, +9
LHF +4, +0, +5, +7
PHF +8, +3, +6, +4
ROOT 9400
UHF +8, +8, +0, +9
LHF +4, +0, +5, +7
PHF +8, +3, +6, +4
ROOT 2520
UHF +8, +8, +0, +9
LHF +4, +0, +5, +7
PHF +8, +3, +6, +4
ROOT 522
UHF +8, +8, +0, +9
LHF +4, +0, +5, +7
PHF +8, +3, +6, +4
ROOT 1521
UHF +8, +8, +0, +9
LHF +4, +0, +5, +7
PHF +8, +3, +6, +4
ROOT 4632
UHF +8, +8, +0, +9
LHF +4, +0, +5, +7
PHF +8, +3, +6, +4
ROOT 500
UHF +8, +8, +0, +9
LHF +4, +0, +5, +7
PHF +8, +3, +6, +4
ROOT 418
UHF +8, +8, +0, +9
LHF +4, +0, +5, +7
PHF +8, +3, +6, +4
ROOT 2452
UHF +8, +8, +0, +9
LHF +4, +0, +5, +7
PHF +8, +3, +6, +4
ROOT 1408
UHF +8, +8, +0, +9
LHF +4, +0, +5, +7
PHF +8, +3, +6, +4
ROOT 1309
UHF +8, +8, +0, +9
LHF +4, +0, +5, +7
PHF +8, +3, +6, +4
ROOT 511
UHF +8, +8, +0, +9
LHF +4, +0, +5, +7
PHF +8, +3, +6, +4
ROOT 8218
UHF +8, +8, +0, +9
LHF +4, +0, +5, +7
PHF +8, +3, +6, +4
ROOT 1419
UHF +8, +8, +0, +9
LHF +4, +0, +5, +7
PHF +8, +3, +6, +4
ROOT 1442
UHF +8, +8, +0, +9
LHF +4, +0, +5, +7
PHF +8, +3, +6, +4
ROOT 3721
UHF +8, +8, +0, +9
LHF +4, +0, +5, +7
PHF +8, +3, +6, +4
ROOT 2652
UHF +8, +8, +0, +9
LHF +4, +0, +5, +7
PHF +8, +3, +6, +4
ROOT 1341
UHF +8, +8, +0, +9
LHF +4, +0, +5, +7
PHF +8, +3, +6, +4
ROOT 9220
UHF +8, +8, +0, +9
LHF +4, +0, +5, +7
PHF +8, +3, +6, +4
ROOT 2722
UHF +8, +8, +0, +9
LHF +4, +0, +5, +7
PHF +8, +3, +6, +4
ROOT 4742
UHF +8, +8, +0, +9
LHF +4, +0, +5, +7
PHF +8, +3, +6, +4
ROOT 2540
UHF +8, +8, +0, +9
LHF +4, +0, +5, +7
PHF +8, +3, +6, +4
ROOT 218
UHF +8, +8, +0, +9
LHF +4, +0, +5, +7
PHF +8, +3, +6, +4
ROOT 2630
UHF +8, +8, +0, +9
LHF +4, +0, +5, +7
PHF +8, +3, +6, +4
ROOT 1217
UHF +8, +8, +0, +9
LHF +4, +0, +5, +7
PHF +8, +3, +6, +4
ROOT 1329
UHF +8, +8, +0, +9
LHF +4, +0, +5, +7
PHF +8, +3, +6, +4
ROOT 432
UHF +8, +8, +0, +9
LHF +4, +0, +5, +7
PHF +8, +3, +6, +4
ROOT 2519
UHF +8, +8, +0, +9
LHF +4, +0, +5, +7
PHF +8, +3, +6, +4
ROOT 9419
UHF +8, +8, +0, +9
LHF +4, +0, +5, +7
PHF +8, +3, +6, +4
ROOT 1228
UHF +8, +8, +0, +9
LHF +4, +0, +5, +7
PHF +8, +3, +6, +4
ROOT 4654
UHF +8, +8, +0, +9
LHF +4, +0, +5, +7
PHF +8, +3, +6, +4
ROOT 1529
UHF +8, +8, +0, +9
LHF +4, +0, +5, +7
PHF +8, +3, +6, +4
ROOT 520
UHF +8, +8, +0, +9
LHF +4, +0, +5, +7
PHF +8, +3, +6, +4
ROOT 2410
UHF +8, +8, +0, +9
LHF +4, +0, +5, +7
PHF +8, +3, +6, +4
ROOT 3620
UHF +8, +8, +0, +9
LHF +4, +0, +5, +7
PHF +8, +3, +6, +4
ROOT 3440
UHF +8, +8, +0, +9
LHF +4, +0, +5, +7
PHF +8, +3, +6, +4
ROOT 8308
UHF +8, +8, +0, +9
LHF +4, +0, +5, +7
PHF +8, +3, +6, +4
ROOT 210
UHF +8, +8, +0, +9
LHF +4, +0, +5, +7
PHF +8, +3, +6, +4
ROOT 4630
UHF +8, +8, +0, +9
LHF +4, +0, +5, +7
PHF +8, +3, +6, +4
ROOT 3743
UHF +8, +8, +0, +9
LHF +4, +0, +5, +7
PHF +8, +3, +6, +4
ROOT 3439
UHF +8, +8, +0, +9
LHF +4, +0, +5, +7
PHF +8, +3, +6, +4
ROOT 8210
UHF +8, +8, +0, +9
LHF +4, +0, +5, +7
PHF +8, +3, +6, +4
ROOT 230
UHF +8, +8, +0, +9
LHF +4, +0, +5, +7
PHF +8, +3, +6, +4
ROOT 1411
UHF +8, +8, +0, +9
LHF +4, +0, +5, +7
PHF +8, +3, +6, +4
ROOT 3631
UHF +8, +8, +0, +9
LHF +4, +0, +5, +7
PHF +8, +3, +6, +4
ROOT 1541
UHF +8, +8, +0, +9
LHF +4, +0, +5, +7
PHF +8, +3, +6, +4
ROOT 1611
UHF +8, +8, +0, +9
LHF +4, +0, +5, +7
PHF +8, +3, +6, +4
ROOT 1219
UHF +8, +8, +0, +9
LHF +4, +0, +5, +7
PHF +8, +3, +6, +4
ROOT 2340
UHF +8, +8, +0, +9
LHF +4, +0, +5, +7
PHF +8, +3, +6, +4
ROOT 3529
UHF +8, +8, +0, +9
LHF +4, +0, +5, +7
PHF +8, +3, +6, +4
ROOT 9329
UHF +8, +8, +0, +9
LHF +4, +0, +5, +7
PHF +8, +3, +6, +4
ROOT 4652
UHF +8, +8, +0, +9
LHF +4, +0, +5, +7
PHF +8, +3, +6, +4
ROOT 5651
UHF +8, +8, +0, +9
LHF +4, +0, +5, +7
PHF +8, +3, +6, +4
ROOT 9219
UHF +8, +8, +0, +9
LHF +4, +0, +5, +7
PHF +8, +3, +6, +4
ROOT 1439
UHF +8, +8, +0, +9
LHF +4, +0, +5, +7
PHF +8, +3, +6, +4
ROOT 2418
UHF +8, +8, +0, +9
LHF +4, +0, +5, +7
PHF +8, +3, +6, +4
ROOT 3653
UHF +8, +8, +0, +9
LHF +4, +0, +5, +7
PHF +8, +3, +6, +4
ROOT 9217
UHF +8, +8, +0, +9
LHF +4, +0, +5, +7
PHF +8, +3, +6, +4
ROOT 3633
UHF +8, +8, +0, +9
LHF +4, +0, +5, +7
PHF +8, +3, +6, +4
ROOT 308
UHF +8, +8, +0, +9
LHF +4, +0, +5, +7
PHF +8, +3, +6, +4
ROOT 5743
UHF +8, +8, +0, +9
LHF +4, +0, +5, +7
PHF +8, +3, +6, +4
ROOT 2610
UHF +8, +8, +0, +9
LHF +4, +0, +5, +7
PHF +8, +3, +6, +4
ROOT 4540
UHF +8, +8, +0, +9
LHF +4, +0, +5, +7
PHF +8, +3, +6, +4
ROOT 3451
UHF +8, +8, +0, +9
LHF +4, +0, +5, +7
PHF +8, +3, +6, +4
ROOT 2320
UHF +8, +8, +0, +9
LHF +4, +0, +5, +7
PHF +8, +3, +6, +4
ROOT 328
UHF +8, +8, +0, +9
LHF +4, +0, +5, +7
PHF +8, +3, +6, +4
ROOT 2632
UHF +8, +8, +0, +9
LHF +4, +0, +5, +7
PHF +8, +3, +6, +4
ROOT 1543
UHF +8, +8, +0, +9
LHF +4, +0, +5, +7
PHF +8, +3, +6, +4
ROOT 2654
UHF +8, +8, +0, +9
LHF +4, +0, +5, +7
PHF +8, +3, +6, +4
ROOT 430
UHF +8, +8, +0, +9
LHF +4, +0, +5, +7
PHF +8, +3, +6, +4
ROOT 1622
UHF +8, +8, +0, +9
LHF +4, +0, +5, +7
PHF +8, +3, +6, +4
ROOT 3741
UHF +8, +8, +0, +9
LHF +4, +0, +5, +7
PHF +8, +3, +6, +4
ROOT 9321
UHF +8, +8, +0, +9
LHF +4, +0, +5, +7
PHF +8, +3, +6, +4
ROOT 1509
UHF +8, +8, +0, +9
LHF +4, +0, +5, +7
PHF +8, +3, +6, +4
ROOT 3521
UHF +8, +8, +0, +9
LHF +4, +0, +5, +7
PHF +8, +3, +6, +4
ROOT 9307
UHF +8, +8, +0, +9
LHF +4, +0, +5, +7
PHF +8, +3, +6, +4
ROOT 2432
UHF +8, +8, +0, +9
LHF +4, +0, +5, +7
PHF +8, +3, +6, +4
ROOT 2430
UHF +8, +8, +0, +9
LHF +4, +0, +5, +7
PHF +8, +3, +6, +4
ROOT 1631
UHF +8, +8, +0, +9
LHF +4, +0, +5, +7
PHF +8, +3, +6, +4
ROOT 1431
UHF +8, +8, +0, +9
LHF +4, +0, +5, +7
PHF +8, +3, +6, +4
ROOT 9309
UHF +8, +8, +0, +9
LHF +4, +0, +5, +7
PHF +8, +3, +6, +4
ROOT 4731
UHF +8, +8, +0, +9
LHF +4, +0, +5, +7
PHF +8, +3, +6, +4
ROOT 9411
UHF +8, +8, +0, +9
LHF +4, +0, +5, +7
PHF +8, +3, +6, +4
ROOT 2744
UHF +8, +8, +0, +9
LHF +4, +0, +5, +7
PHF +8, +3, +6, +4
ROOT 1633
UHF +8, +8, +0, +9
LHF +4, +0, +5, +7
PHF +8, +3, +6, +4
ROOT 2742
UHF +8, +8, +0, +9
LHF +4, +0, +5, +7
PHF +8, +3, +6, +4
ROOT 2522
UHF +8, +8, +0, +9
LHF +4, +0, +5, +7
PHF +8, +3, +6, +4
ROOT 4542
UHF +8, +8, +0, +9
LHF +4, +0, +5, +7
PHF +8, +3, +6, +4
ROOT 320
UHF +8, +8, +0, +9
LHF +4, +0, +5, +7
PHF +8, +3, +6, +4
ROOT 5653
UHF +8, +8, +0, +9
LHF +4, +0, +5, +7
PHF +8, +3, +6, +4
ROOT 3543
UHF +8, +8, +0, +9
LHF +4, +0, +5, +7
PHF +8, +3, +6, +4
